25.002235 25.004711 25.007713 25.011513 25.016371 25.022556 25.030304 25.039762 25.051052 25.064159 25.078917 25.095036 25.112076 25.129395 25.146362 25.162136 25.175970 25.187088 25.194891 25.198910 25.198910 25.194893 25.187088 25.175968 25.162134 25.146360 25.129395 25.112078 25.095036 25.078917 25.064161 25.051054 25.039764 25.030304 25.022556 25.016373 25.011515 25.007715 25.004713 25.002237 
25.004713 25.009956 25.016312 25.024359 25.034672 25.047798 25.064207 25.084280 25.108219 25.135986 25.167280 25.201452 25.237555 25.274302 25.310253 25.343727 25.373055 25.396648 25.413183 25.421705 25.421705 25.413183 25.396646 25.373051 25.343725 25.310253 25.274303 25.237555 25.201450 25.167278 25.135986 25.108219 25.084282 25.064209 25.047798 25.034672 25.024361 25.016312 25.009956 25.004715 
25.007715 25.016312 25.026752 25.039967 25.056908 25.078461 25.105417 25.138388 25.177691 25.223278 25.274649 25.330761 25.390030 25.450418 25.509453 25.564419 25.612564 25.651302 25.678455 25.692448 25.692448 25.678457 25.651302 25.612562 25.564417 25.509453 25.450418 25.390030 25.330761 25.274649 25.223278 25.177691 25.138388 25.105419 25.078461 25.056908 25.039967 25.026751 25.016312 25.007715 
25.011515 25.024361 25.039968 25.059740 25.085079 25.117317 25.157635 25.206938 25.265715 25.333883 25.410706 25.494591 25.583241 25.673548 25.761826 25.844021 25.916012 25.973932 26.014534 26.035456 26.035456 26.014536 25.973934 25.916012 25.844023 25.761826 25.673548 25.583241 25.494591 25.410706 25.333883 25.265715 25.206936 25.157635 25.117317 25.085079 25.059738 25.039967 25.024361 25.011515 
25.016375 25.034674 25.056910 25.085079 25.121180 25.167105 25.224541 25.294777 25.378502 25.475607 25.585003 25.704512 25.830790 25.959425 26.085161 26.202232 26.304766 26.387262 26.445089 26.474884 26.474886 26.445089 26.387264 26.304768 26.202234 26.085163 25.959425 25.830790 25.704512 25.585003 25.475607 25.378500 25.294777 25.224541 25.167103 25.121180 25.085079 25.056908 25.034674 25.016373 
25.022560 25.047802 25.078463 25.117317 25.167107 25.230446 25.309658 25.406513 25.521961 25.655872 25.806740 25.971542 26.145664 26.323036 26.496412 26.657839 26.799213 26.912962 26.992691 27.033773 27.033773 26.992693 26.912964 26.799215 26.657839 26.496414 26.323036 26.145664 25.971544 25.806742 25.655874 25.521961 25.406513 25.309658 25.230446 25.167103 25.117315 25.078461 25.047800 25.022558 
25.030308 25.064209 25.105419 25.157637 25.224543 25.309660 25.416086 25.546215 25.701353 25.881281 26.083994 26.305412 26.539349 26.777651 27.010578 27.227446 27.417377 27.570194 27.677305 27.732496 27.732496 27.677307 27.570196 27.417379 27.227448 27.010578 26.777651 26.539351 26.305412 26.083994 25.881281 25.701353 25.546215 25.416084 25.309658 25.224541 25.157635 25.105419 25.064207 25.030306 
25.039764 25.084282 25.138388 25.206938 25.294777 25.406513 25.546215 25.717049 25.920692 26.156879 26.422964 26.713596 27.020651 27.333427 27.639156 27.923794 28.173079 28.373652 28.514235 28.586672 28.586672 28.514236 28.373652 28.173082 27.923796 27.639158 27.333427 27.020651 26.713596 26.422964 26.156879 25.920692 25.717049 25.546215 25.406513 25.294777 25.206938 25.138388 25.084282 25.039764 
25.051056 25.108219 25.177691 25.265713 25.378500 25.521961 25.701351 25.920692 26.182146 26.485386 26.826998 27.200117 27.594315 27.995848 28.388334 28.753746 29.073769 29.331251 29.511723 29.604710 29.604710 29.511724 29.331251 29.073769 28.753746 28.388334 27.995848 27.594315 27.200119 26.826998 26.485386 26.182146 25.920692 25.701351 25.521961 25.378502 25.265715 25.177691 25.108219 25.051056 
25.064161 25.135986 25.223276 25.333881 25.475607 25.655872 25.881281 26.156879 26.485386 26.866375 27.295578 27.764353 28.259604 28.764069 29.257156 29.716230 30.118273 30.441750 30.668480 30.785295 30.785295 30.668480 30.441750 30.118275 29.716230 29.257154 28.764067 28.259602 27.764353 27.295576 26.866375 26.485386 26.156879 25.881281 25.655872 25.475607 25.333883 25.223278 25.135986 25.064161 
25.078917 25.167278 25.274649 25.410704 25.585003 25.806740 26.083994 26.422964 26.826998 27.295576 27.823437 28.399963 29.009039 29.629442 30.235849 30.800423 31.294851 31.692659 31.971489 32.115154 32.115154 31.971489 31.692659 31.294851 30.800423 30.235847 29.629442 29.009039 28.399963 27.823437 27.295576 26.826998 26.422964 26.083996 25.806740 25.585003 25.410704 25.274649 25.167280 25.078918 
25.095036 25.201452 25.330761 25.494591 25.704512 25.971544 26.305414 26.713596 27.200119 27.764355 28.399963 29.094168 29.827555 30.574574 31.304733 31.984520 32.579845 33.058826 33.394550 33.567543 33.567543 33.394550 33.058823 32.579842 31.984518 31.304733 30.574574 29.827555 29.094166 28.399963 27.764355 27.200119 26.713598 26.305414 25.971544 25.704510 25.494589 25.330761 25.201452 25.095036 
25.112076 25.237555 25.390028 25.583241 25.830790 26.145664 26.539351 27.020651 27.594315 28.259604 29.009039 29.827555 30.692265 31.573040 32.433929 33.235416 33.937332 34.502060 34.897865 35.101871 35.101871 34.897861 34.502052 33.937328 33.235416 32.433926 31.573036 30.692265 29.827555 29.009039 28.259604 27.594315 27.020651 26.539351 26.145664 25.830788 25.583239 25.390030 25.237555 25.112078 
25.129395 25.274302 25.450417 25.673548 25.959425 26.323036 26.777649 27.333426 27.995846 28.764067 29.629442 30.574574 31.573036 32.590042 33.584080 34.509529 35.320007 35.972073 36.429108 36.664604 36.664604 36.429108 35.972073 35.320007 34.509529 33.584080 32.590042 31.573038 30.574574 29.629442 28.764067 27.995848 27.333426 26.777649 26.323036 25.959425 25.673550 25.450418 25.274303 25.129396 
25.146360 25.310251 25.509451 25.761826 26.085163 26.496414 27.010578 27.639158 28.388332 29.257154 30.235847 31.304733 32.433926 33.584076 34.708248 35.754871 36.671429 37.408863 37.925735 38.192055 38.192055 37.925739 37.408863 36.671429 35.754871 34.708248 33.584080 32.433929 31.304733 30.235847 29.257154 28.388332 27.639156 27.010576 26.496414 26.085163 25.761827 25.509453 25.310253 25.146362 
25.162134 25.343725 25.564417 25.844023 26.202236 26.657841 27.227449 27.923798 28.753746 29.716228 30.800421 31.984518 33.235416 34.509525 35.754871 36.914265 37.929600 38.746498 39.319065 39.614079 39.614079 39.319069 38.746502 37.929600 36.914265 35.754871 34.509529 33.235416 31.984518 30.800421 29.716228 28.753746 27.923794 27.227446 26.657837 26.202234 25.844021 25.564417 25.343727 25.162136 
25.175968 25.373051 25.612562 25.916012 26.304770 26.799215 27.417379 28.173080 29.073767 30.118273 31.294851 32.579842 33.937328 35.320004 36.671429 37.929600 39.031422 39.917915 40.539257 40.859413 40.859413 40.539261 39.917919 39.031422 37.929600 36.671429 35.320007 33.937328 32.579842 31.294851 30.118273 29.073767 28.173080 27.417377 26.799213 26.304768 25.916010 25.612564 25.373053 25.175968 
25.187088 25.396646 25.651302 25.973934 26.387264 26.912964 27.570196 28.373652 29.331251 30.441748 31.692659 33.058823 34.502052 35.972069 37.408863 38.746498 39.917915 40.860405 41.520981 41.861343 41.861343 41.520981 40.860405 39.917919 38.746502 37.408863 35.972073 34.502056 33.058823 31.692659 30.441750 29.331251 28.373652 27.570196 26.912962 26.387262 25.973932 25.651302 25.396648 25.187086 
25.194891 25.413183 25.678455 26.014534 26.445087 26.992691 27.677305 28.514235 29.511723 30.668480 31.971489 33.394550 34.897861 36.429108 37.925735 39.319069 40.539261 41.520981 42.209076 42.563606 42.563606 42.209076 41.520981 40.539261 39.319069 37.925735 36.429108 34.897861 33.394547 31.971487 30.668478 29.511723 28.514235 27.677305 26.992691 26.445087 26.014534 25.678455 25.413183 25.194891 
25.198912 25.421707 25.692448 26.035454 26.474882 27.033773 27.732494 28.586670 29.604710 30.785295 32.115154 33.567539 35.101868 36.664604 38.192055 39.614082 40.859417 41.861343 42.563606 42.925430 42.925434 42.563606 41.861347 40.859417 39.614082 38.192055 36.664604 35.101868 33.567539 32.115150 30.785295 29.604710 28.586670 27.732494 27.033773 26.474886 26.035458 25.692448 25.421707 25.198912 
25.198912 25.421707 25.692448 26.035454 26.474882 27.033773 27.732494 28.586670 29.604710 30.785295 32.115154 33.567539 35.101868 36.664604 38.192055 39.614082 40.859417 41.861343 42.563606 42.925430 42.925434 42.563606 41.861347 40.859417 39.614082 38.192055 36.664604 35.101868 33.567539 32.115150 30.785295 29.604710 28.586670 27.732494 27.033773 26.474886 26.035458 25.692448 25.421707 25.198912 
25.194891 25.413183 25.678455 26.014534 26.445087 26.992691 27.677305 28.514235 29.511723 30.668480 31.971489 33.394550 34.897861 36.429108 37.925735 39.319069 40.539261 41.520981 42.209076 42.563606 42.563606 42.209076 41.520981 40.539261 39.319069 37.925735 36.429108 34.897861 33.394547 31.971487 30.668478 29.511723 28.514235 27.677305 26.992691 26.445087 26.014534 25.678455 25.413183 25.194891 
25.187088 25.396646 25.651302 25.973934 26.387264 26.912964 27.570196 28.373652 29.331251 30.441748 31.692659 33.058823 34.502052 35.972069 37.408863 38.746498 39.917915 40.860405 41.520981 41.861343 41.861343 41.520981 40.860405 39.917919 38.746502 37.408863 35.972073 34.502056 33.058823 31.692659 30.441750 29.331251 28.373652 27.570196 26.912962 26.387262 25.973932 25.651302 25.396648 25.187086 
25.175968 25.373051 25.612562 25.916012 26.304770 26.799215 27.417379 28.173080 29.073767 30.118273 31.294851 32.579842 33.937328 35.320004 36.671429 37.929600 39.031422 39.917915 40.539257 40.859413 40.859413 40.539261 39.917919 39.031422 37.929600 36.671429 35.320007 33.937328 32.579842 31.294851 30.118273 29.073767 28.173080 27.417377 26.799213 26.304768 25.916010 25.612564 25.373053 25.175968 
25.162134 25.343725 25.564417 25.844023 26.202236 26.657841 27.227449 27.923798 28.753746 29.716228 30.800421 31.984518 33.235416 34.509525 35.754871 36.914265 37.929600 38.746498 39.319065 39.614079 39.614079 39.319069 38.746502 37.929600 36.914265 35.754871 34.509529 33.235416 31.984518 30.800421 29.716228 28.753746 27.923794 27.227446 26.657837 26.202234 25.844021 25.564417 25.343727 25.162136 
25.146360 25.310251 25.509451 25.761826 26.085163 26.496414 27.010578 27.639158 28.388332 29.257154 30.235847 31.304733 32.433926 33.584076 34.708248 35.754871 36.671429 37.408863 37.925735 38.192055 38.192055 37.925739 37.408863 36.671429 35.754871 34.708248 33.584080 32.433929 31.304733 30.235847 29.257154 28.388332 27.639156 27.010576 26.496414 26.085163 25.761827 25.509453 25.310253 25.146362 
25.129395 25.274302 25.450417 25.673548 25.959425 26.323036 26.777649 27.333426 27.995846 28.764067 29.629442 30.574574 31.573036 32.590042 33.584080 34.509529 35.320007 35.972073 36.429108 36.664604 36.664604 36.429108 35.972073 35.320007 34.509529 33.584080 32.590042 31.573038 30.574574 29.629442 28.764067 27.995848 27.333426 26.777649 26.323036 25.959425 25.673550 25.450418 25.274303 25.129396 
25.112076 25.237555 25.390028 25.583241 25.830790 26.145664 26.539351 27.020651 27.594315 28.259604 29.009039 29.827555 30.692265 31.573040 32.433929 33.235416 33.937332 34.502060 34.897865 35.101871 35.101871 34.897861 34.502052 33.937328 33.235416 32.433926 31.573036 30.692265 29.827555 29.009039 28.259604 27.594315 27.020651 26.539351 26.145664 25.830788 25.583239 25.390030 25.237555 25.112078 
25.095036 25.201452 25.330761 25.494591 25.704512 25.971544 26.305414 26.713596 27.200119 27.764355 28.399963 29.094168 29.827555 30.574574 31.304733 31.984520 32.579845 33.058826 33.394550 33.567543 33.567543 33.394550 33.058823 32.579842 31.984518 31.304733 30.574574 29.827555 29.094166 28.399963 27.764355 27.200119 26.713598 26.305414 25.971544 25.704510 25.494589 25.330761 25.201452 25.095036 
25.078917 25.167278 25.274649 25.410704 25.585003 25.806740 26.083994 26.422964 26.826998 27.295576 27.823437 28.399963 29.009039 29.629442 30.235849 30.800423 31.294851 31.692659 31.971489 32.115154 32.115154 31.971489 31.692659 31.294851 30.800423 30.235847 29.629442 29.009039 28.399963 27.823437 27.295576 26.826998 26.422964 26.083996 25.806740 25.585003 25.410704 25.274649 25.167280 25.078918 
25.064161 25.135986 25.223276 25.333881 25.475607 25.655872 25.881281 26.156879 26.485386 26.866375 27.295578 27.764353 28.259604 28.764069 29.257156 29.716230 30.118273 30.441750 30.668480 30.785295 30.785295 30.668480 30.441750 30.118275 29.716230 29.257154 28.764067 28.259602 27.764353 27.295576 26.866375 26.485386 26.156879 25.881281 25.655872 25.475607 25.333883 25.223278 25.135986 25.064161 
25.051056 25.108219 25.177691 25.265713 25.378500 25.521961 25.701351 25.920692 26.182146 26.485386 26.826998 27.200117 27.594315 27.995848 28.388334 28.753746 29.073769 29.331251 29.511723 29.604710 29.604710 29.511724 29.331251 29.073769 28.753746 28.388334 27.995848 27.594315 27.200119 26.826998 26.485386 26.182146 25.920692 25.701351 25.521961 25.378502 25.265715 25.177691 25.108219 25.051056 
25.039764 25.084282 25.138388 25.206938 25.294777 25.406513 25.546215 25.717049 25.920692 26.156879 26.422964 26.713596 27.020651 27.333427 27.639156 27.923794 28.173079 28.373652 28.514235 28.586672 28.586672 28.514236 28.373652 28.173082 27.923796 27.639158 27.333427 27.020651 26.713596 26.422964 26.156879 25.920692 25.717049 25.546215 25.406513 25.294777 25.206938 25.138388 25.084282 25.039764 
25.030308 25.064209 25.105419 25.157637 25.224543 25.309660 25.416086 25.546215 25.701353 25.881281 26.083994 26.305412 26.539349 26.777651 27.010578 27.227446 27.417377 27.570194 27.677305 27.732496 27.732496 27.677307 27.570196 27.417379 27.227448 27.010578 26.777651 26.539351 26.305412 26.083994 25.881281 25.701353 25.546215 25.416084 25.309658 25.224541 25.157635 25.105419 25.064207 25.030306 
25.022560 25.047802 25.078463 25.117317 25.167107 25.230446 25.309658 25.406513 25.521961 25.655872 25.806740 25.971542 26.145664 26.323036 26.496412 26.657839 26.799213 26.912962 26.992691 27.033773 27.033773 26.992693 26.912964 26.799215 26.657839 26.496414 26.323036 26.145664 25.971544 25.806742 25.655874 25.521961 25.406513 25.309658 25.230446 25.167103 25.117315 25.078461 25.047800 25.022558 
25.016375 25.034674 25.056910 25.085079 25.121180 25.167105 25.224541 25.294777 25.378502 25.475607 25.585003 25.704512 25.830790 25.959425 26.085161 26.202232 26.304766 26.387262 26.445089 26.474884 26.474886 26.445089 26.387264 26.304768 26.202234 26.085163 25.959425 25.830790 25.704512 25.585003 25.475607 25.378500 25.294777 25.224541 25.167103 25.121180 25.085079 25.056908 25.034674 25.016373 
25.011515 25.024361 25.039968 25.059740 25.085079 25.117317 25.157635 25.206938 25.265715 25.333883 25.410706 25.494591 25.583241 25.673548 25.761826 25.844021 25.916012 25.973932 26.014534 26.035456 26.035456 26.014536 25.973934 25.916012 25.844023 25.761826 25.673548 25.583241 25.494591 25.410706 25.333883 25.265715 25.206936 25.157635 25.117317 25.085079 25.059738 25.039967 25.024361 25.011515 
25.007715 25.016312 25.026752 25.039967 25.056908 25.078461 25.105417 25.138388 25.177691 25.223278 25.274649 25.330761 25.390030 25.450418 25.509453 25.564419 25.612564 25.651302 25.678455 25.692448 25.692448 25.678457 25.651302 25.612562 25.564417 25.509453 25.450418 25.390030 25.330761 25.274649 25.223278 25.177691 25.138388 25.105419 25.078461 25.056908 25.039967 25.026751 25.016312 25.007715 
25.004713 25.009956 25.016312 25.024359 25.034672 25.047798 25.064207 25.084280 25.108219 25.135986 25.167280 25.201452 25.237555 25.274302 25.310253 25.343727 25.373055 25.396648 25.413183 25.421705 25.421705 25.413183 25.396646 25.373051 25.343725 25.310253 25.274303 25.237555 25.201450 25.167278 25.135986 25.108219 25.084282 25.064209 25.047798 25.034672 25.024361 25.016312 25.009956 25.004715 
25.002235 25.004711 25.007713 25.011513 25.016371 25.022556 25.030304 25.039762 25.051052 25.064159 25.078917 25.095036 25.112076 25.129395 25.146362 25.162136 25.175970 25.187088 25.194891 25.198910 25.198910 25.194893 25.187088 25.175968 25.162134 25.146360 25.129395 25.112078 25.095036 25.078917 25.064161 25.051054 25.039764 25.030304 25.022556 25.016373 25.011515 25.007715 25.004713 25.002237 
